10N.Ten-N
Date  	TS    	HU    	Wind    Press 	 Lat  	 Long
28/06   60      20      30      1003     6.2     97.3     1
28/12   80      30      30      1003     7.0     98.5     2
+12     80      30      30      1002     8.9     99.6     -
+24     90      30      30      1000     10.2    100.5    -
+48     90      40      30      999      13.6    100.2    -
+72     90      40      30      995      16.5    98.2     -
+96     90      45      35      996      18.6    96.2     -
+120    90      50      40      990      20.6    92.3     -
